controller_mode: "MPC"
controller_type: "MPC"

UPPER_VALVE_PIN: 5
LOWER_VALVE_PIN: 6
PUMP_PIN: 4

controller:
  Q: 2504.51358926
  R: 1.0
  measurement_covar: 0.246**2
  state_noise_covar: [[1, 0.2], [0.2, 1]]
  A: [[0.9735549061023175, 0.0], [0.06917632787953508, 0.9735551663772017]]
  B: [[0.004486203468562015], [0.00015867253694156635]]
  C: [[0.0], [1.0]]
  N: 10

sensor:
  cam_index: 1
  conf: 0.25
  inference_interval: 3
  window_name: "Water Level"
  A: 7.701273019117101
  B: 0.7084194867553455
  height_deci: 2
  segmentation_view: True
  recording: False
  recording_name: "sensor_recording"
  resolution_height: 480
  resolution_width: 640